,business_id,name,city,stars_y,0,1,2,3,4,5
0,--I7YYLada0tSLkORTHb5Q,Happy Moose Bar and Grill,Streetsboro,3.5,0.22651759802191654,0.20573640894920758,0.008840391954592557,0.21223161327931406,0.14945092702524934,0.19722306076971996
1,-49WY_TEa9ZEcRk_GnuLog,Cracker Barrel Old Country Store,Sheffield Village,3.5,0.14307155058790683,0.3403826008367059,0.0,0.2951790414344079,0.04113822255442708,0.18022858458655225
2,-8O8sVCnaIKHP-596zN9UA,Blue Canyon Kitchen & Tavern,Twinsburg,3.5,0.2610378861763006,0.27177890761258533,0.010757470058186993,0.22414574548020566,0.023239066982419874,0.20904092369030158
3,-B_4pHQkzU12AMaYkkY4cw,Old Carolina Barbecue Company,Strongsville,3.5,0.15299990436338548,0.5912374875952506,0.013282069647393521,0.14118179484147755,0.04539946369779685,0.055899279854695935
4,-Biboxy2pG3MovBOF_r4SQ,Perkins Restaurant & Bakery,Middleburg Heights,2.5,0.3704488446562829,0.1166057173940211,0.01668930452757455,0.3471389342996341,0.02366405906615447,0.12545314005633273
5,-F0B5F1YLx7093otwgboxw,Wild Eagle Saloon,Cleveland,4.0,0.4741824657302036,0.05011505195341842,0.004604228178972011,0.050214731154071934,0.23330890891688458,0.18757461406644946
6,-GOsHrWPC0meDRgkCEgC8w,TWIISTED Burgers & Sushi,Medina,4.0,0.21925575326687388,0.23201095399325827,0.019197230081323163,0.18095445628796022,0.1239789023826899,0.22460270398789461
7,-K_qGSp7q61BkkjP_FSsEQ,John's Diner,Lakewood,3.5,0.48552321105164004,0.20810136281594058,0.07747028344960129,0.10639758913845754,0.020503555096264867,0.10200399844809571
8,-MC7EFxTsyKMKB3zeP_FIQ,Stownut Donut & Diner,Stow,4.0,0.42671886129601855,0.1590649382508576,0.030532692325851037,0.16364972142877132,0.08073995001491485,0.13929383668358658
9,-N_YCDH4HijYnJ-RisQfHA,Harry Buffalo,Elyria,3.5,0.28043637492594503,0.24992355665249563,0.008008470132095763,0.1521412223423866,0.1476372437899892,0.16185313215708777
10,-OD5KnGJk4Ld8IVa2jAuFA,"First Watch - Breakfast, Brunch & Lunch",Cuyahoga Falls,4.0,0.35481472465667324,0.3373188233286231,0.013137097222781382,0.12972933169771175,0.039626468158079124,0.1253735549361314
11,-PkxxFbXpu0xBUB3rc0O6Q,Gyro kebab House,Elyria,4.5,0.9268026950924725,0.04346458056787542,0.022440047207674157,0.0,0.00729267713197796,0.0
12,-V-fpvR47iZJ5jq8Eit7ng,Murray Hill Market,Cleveland,4.5,0.4850486607994283,0.0,0.06520172290899354,0.3979949926161563,0.0,0.05175462367542176
13,-_DxZ8gKU50sfuZEu4ypKg,Saigon Restaurant and Bar,Cleveland,4.0,0.191545211651969,0.4513760599061101,0.0013568490291599497,0.08583877756777972,0.006643026174734805,0.2632400756702463
14,-bsOmx7bbzaYhnT4fq1Pjg,Fragapane Bakeries,North Olmsted,4.5,0.209371228738824,0.2751279298338409,0.2503293237425241,0.11508515236405358,0.008072310491172734,0.14201405482958465
15,-dFfucHmOtgDmDneps-mgA,Mallorca,Cleveland,3.5,0.2583533709655914,0.33751922558957415,0.006204732993117585,0.16464311875998064,0.00351633173017956,0.22976321996155655
16,-fn65iT4z-nh1Ybfyajxng,La Terraza Bar & Grill,Kent,3.5,0.2550398275094006,0.23094784982128932,0.013352289304228104,0.15280783903270048,0.007931006805206945,0.33992118752717454
17,-kTHAUKuzh7cFZjVAW55Ug,Chipotle Mexican Grill,Cleveland,2.5,0.30842128763883925,0.17578336770793934,0.008426564969036786,0.2433400150831619,0.0167117901786943,0.24731697442232844
18,-lJtyCOTVInWusU9YF120A,Joey's Bistro Bar,Cleveland Heights,3.5,0.11262794297848121,0.39269981673416154,0.15160554418643338,0.18766609661577546,0.007650408205801544,0.1477501912793469
19,-mcuv5UOSmbzi-aQNsUI9A,Jimmy's Backyard BBQ,Cuyahoga Falls,3.5,0.23734358947319345,0.5128845890719594,0.011228284610915027,0.044347875429571554,0.05885762174079355,0.13533803967356697
20,-o0NsIlI4n-qaGThHzJ0Dw,Old Carolina Barbecue,Stow,3.5,0.14375726253476906,0.49445483612635893,0.03298720319592897,0.2658860442719622,0.04166437798719448,0.02125027588378627
21,-vDDh94UcgxSNjMzi4UDBA,Falafel Xpress,Lakewood,4.5,0.32874374651667476,0.4159107022659156,0.03680423601616008,0.1080529623619808,0.033718421034013756,0.07676993180525503
22,-z_DR7omzpcR__l7MbDu0A,Paradise Biryani Pointe,Mayfield,4.0,0.16965493305205426,0.5578078220889232,0.02740893485688522,0.03829277008539686,0.006212527196946608,0.20062301271979385
23,02AVQHu7QOpfa0Mz--DQQg,Dave's Cosmic Subs,Chagrin Falls,4.0,0.34439364067243544,0.24719662311300625,0.03214428024052087,0.14119992712848617,0.03187604557145685,0.20318948327409447
24,02E9r4BQzVrA76Bf7G-KMw,Edison's Pizza Kitchen,Cleveland,4.0,0.07839833132289141,0.03673757030665041,0.7489973671912288,0.061103474054771054,0.009414607608864154,0.06534864951559423
25,03W4GFc3Ll01kxI7BPxRww,Denny's,Independence,3.0,0.17859643375250894,0.17158206807745513,0.01623219033038409,0.36460014846222716,0.03196364754821856,0.23702551182920606
26,06LmLcjFUb6b1HmhNllJZg,Lemongrass Grill,Munroe Falls,4.5,0.17525112222937056,0.5834087539650302,0.0005738679264336568,0.10841286855987645,0.009574617277941254,0.12277877004134782
27,06X34OSshQJPDiyUDHtS0A,Dave's Cosmic Subs,Mentor,4.0,0.2441603670089727,0.34513491430432525,0.07635712888862657,0.11274969457922852,0.05278430291252355,0.16881359230632345
28,0BO3-F1y7nyTEmqb_ZivzA,Shore Restaurant,Lakewood,4.0,0.5714995169455341,0.08254644170482464,0.0021419824350890136,0.07896204077420133,0.0,0.26485001814035086
29,0FXAHiDs1Fkr3V_kK8b1SA,Cleats Club Seat Grille Old Brooklyn,Cleveland,3.0,0.16755817657375532,0.3131843513717346,0.11417521928934599,0.18646113658117291,0.1353785503350238,0.08324256584896736
30,0G-WFdOu3_KW3mBZJQq5Cg,Phuel Cafe,Cleveland,4.0,0.1432445425220204,0.3317215527430434,0.01753595439990602,0.20723150816542021,0.129897012998461,0.170369429171149
31,0IYsvn19i1xY9kw-TrD2sw,Quaker Steak & Lube,Lakewood,2.5,0.2871188889376974,0.1785666997490272,0.026844443045235974,0.16944724702732086,0.08662483055823605,0.25139789068248247
32,0LAjD6m5LjiSbiajp2SR4Q,Leader Bar And Grill,Cleveland,4.5,0.5113629677470914,0.09990448820482978,0.00840569651534046,0.2704839928085378,0.03926743612905378,0.0705754185951467
33,0NDbUCHi9YsRwgG3iZO8Kg,Cafe Tandoor,Aurora,3.5,0.14851209887250208,0.7029199533079643,0.0052272896334881035,0.04692286910899422,0.006404751460938778,0.09001303761611251
34,0P9PCKJBC3TY9Ifcw4Y7Mw,Winking Lizard,Mentor,2.5,0.29141239402543195,0.14481656565667975,0.014099006610217974,0.237207372682036,0.0535778731225738,0.2588867879030605
35,0VJ8tBxOpD2OxuioVjaAxA,Stella Mia Ristorante,Westlake,4.0,0.32242308053437113,0.2910535602063511,0.009733226890434373,0.29269854586377186,0.0,0.08409158650507154
36,0ZN2MfHyjNIkCx7qJvVhDg,SB Eightyone,Westlake,3.0,0.27316360429473235,0.28076746994709084,0.07656296875264891,0.2205451328765081,0.028166902912410054,0.12079392121660987
37,0ZPuFZMMYfRa3FRfjddCDA,The Spread Buffet,Cleveland,2.5,0.38155167917871086,0.22755139112643258,0.04359646316652367,0.1865765595364841,0.012724735333759927,0.14799917165808887
38,0ZZIqTdEb7yUa13QZLKuGQ,21 Lounge & Kitchen,Cleveland,4.0,0.2826801166944678,0.14513062498901427,0.04136166244122741,0.24092565068177876,0.16639461033774522,0.12350733485576658
39,0gbi6kYiAOnFwfZ_2_dXSA,Hyde Park Prime Steakhouse,Beachwood,4.0,0.18080839841487245,0.30681638124206134,0.008742479600251936,0.1911347653378621,0.07669910132275796,0.23579887408219408
40,0i95sgY7pzYW9k88SOVJ8A,Cork & Cleaver Social Kitchen,Broadview Heights,4.0,0.21442516031346673,0.48155133372910125,0.006966237684869559,0.17169257956514833,0.02330961484168158,0.10205507386573251
41,0jHZk9RrKh0uRhTRW1XIqQ,MoMo's Kebab,Cleveland Heights,4.5,0.24871954900422444,0.6599864418738096,0.005393679045549912,0.017126232687955427,0.0072218825148640175,0.0615522148735966
42,0k9yGNjHyXaniwK5pfe1iA,Mulligan's Pub and Grille,Highland Heights,3.5,0.2664588997956921,0.10811143115472954,0.07331482200944872,0.14076087437175352,0.07139956596314743,0.33995440670522875
43,0mS42KOASlBugoM-SAc7gQ,Tacos Mexicanos,Macedonia,4.5,0.10691239147661524,0.32617087320660687,0.0,0.10708494359672653,0.012899980067553642,0.44693181165249785
44,0nquGuiW0SONs3R89gSi1Q,Dickey's Barbecue Pit,Mentor,3.5,0.24505385323968898,0.4570656008866,0.017863059371554444,0.09328258619559164,0.00568922940476993,0.18104567090179494
45,0qsarzXaZau8REdE0rToxA,Angelo's Pizza,Lakewood,4.0,0.1009910708307816,0.07824839780548665,0.6370537444804745,0.10433103167779184,0.010208730064481048,0.06916702514098443
46,0rN_o7_IfshAHQwzMUK8nA,Chipotle Mexican Grill,Solon,1.5,0.2831371984667235,0.09467380441579192,0.016179988666592607,0.22465751383141014,0.0036031426039884124,0.3777483520154932
47,0uwQIGlKICIYuRtayVnh7g,Piada Italian Street Food,South Euclid,3.5,0.37512164873650483,0.26232284975698117,0.04455996829079222,0.11711163516216382,0.0055250902150934195,0.19535880783846452
48,0youcKV6-eE3F2MQj1l6Fw,100th Bomb Group,Cleveland,3.0,0.30718141943128313,0.2234251462010158,0.010582231019631754,0.19368119736003792,0.03170666257551092,0.23342334341252044
49,10Jk5ilimXrfAq8JJ1gISg,Saigon Grille,Cleveland,3.5,0.29186130260373966,0.37416544657654155,0.007575505471833857,0.10801583707225591,0.0031132312364271567,0.21526867703920194
50,112pGcb0ZB666d_IwFt4jA,Chutney Rolls,Cleveland,4.0,0.33860852877259656,0.4789006602376349,0.021388080346011466,0.05830518630057138,0.014548986244393344,0.08824855809879244
51,14AWgEFR1bFK8rEhJwIvFA,Steak 'n Shake,Brooklyn,2.0,0.18042011791621723,0.05811788448943636,0.015009598637215736,0.36060136464849096,0.13244751569537966,0.25340351861326005
52,15gg-_KO3rq1fmrfMRaXZQ,Dolphin Family Restaurant,Northfield,4.0,0.2804357961333585,0.34824225943569864,0.0013841765998226475,0.13224222455153975,0.005923493189710901,0.2317720500898696
53,1D7U-KEvoQDqWJNiYTNbZg,Rise and Dine Cafe,Chesterland,4.0,0.07635771694954673,0.690978111979349,0.00791756350655435,0.19368938657956722,0.031057220984982634,0.0
54,1FGe55e-ZPkumoBK7cyjnA,El Rancho Mexican Restaurant,Cuyahoga Falls,4.0,0.343069866879165,0.260031003527938,0.003797725107802423,0.07120746171997447,0.010951661292407489,0.3109422814727125
55,1ForN8iXqYZ_dZZcOkvVeA,P.J.'s Luncheonette,Cleveland,3.5,0.30265378557263756,0.1473499096429603,0.010945501121121345,0.2540846204496954,0.10234384447508031,0.18262233873850509
56,1JUSswQgG0bBA0nFtVu1Cw,Dervish Mediterranean & Turkish Grill,Avon,4.5,0.3242058005885684,0.1352013211273159,0.006756473974738909,0.17534408397187026,0.0,0.3584923203375065
57,1KRnx1P4gYlkpmezGTERaA,Touch Supper Club,Cleveland,3.5,0.3362227281916886,0.09961766738588439,0.034163658060686476,0.3101047930440051,0.0197714019160696,0.2001197514016659
58,1Mf0UInsuxMNfJjzy0rTBQ,Denny's,Cleveland,1.0,0.23000570032753925,0.10889055171060169,0.006967121551047671,0.40242911215280036,0.05711578114679487,0.19459173311121616
59,1NNBpiQ3rUT-7T8ch45SVA,The Cheesecake Factory,Westlake,3.0,0.2149226756456166,0.2867301646821187,0.00937973648104836,0.3014193941799072,0.03229088951852756,0.1552571394927815
60,1P4VWKDPCNAyw_OSI56XWQ,Skyline Chili,Lyndhurst,4.0,0.3114743313433928,0.3274786158145281,0.023602592524619867,0.12664224212813993,0.03141668618676471,0.17938553200255464
61,1Pv6zuTjtDynP8T1zJhGTg,Suds Maguire's Bar and Grill,Berea,4.0,0.11988096817267864,0.22089759295462677,0.08876947217149561,0.11308926260455912,0.1894696211114953,0.2678930829851446
62,1RROh1rSDB4ASIZ-kwxT2w,Bravo! Cucina Italiana,Woodmere,3.0,0.14464625029395076,0.1856663109343207,0.030910456754308317,0.3205507009339306,0.012998230212166983,0.3052280508713227
63,1RgX-EAQrGoPMvy9ntEXsw,Mr G's Pizzeria & Wings,Fairlawn,3.5,0.11088157340308745,0.13148434859707164,0.6063494689220376,0.10367777946477284,0.006924050696648571,0.04068277891638196
64,1YGQsn4AHPbcVsRmHqbeqQ,B Spot - Horseshoe Casino,Cleveland,2.5,0.22952550576500014,0.0926643144567317,0.0029845725161194584,0.11468442822428256,0.4818554964552626,0.07828568258260352
65,1bCitUM1BpqnaekkqJsVdQ,Buffalo Wild Wings,Medina,2.0,0.2539829290674372,0.06628153375732918,0.011502723493419418,0.2876696079394477,0.0977597198909323,0.2828034858514343
66,1d-bskPWu2zKZSEa2-4kfA,The Hot Dog Diner,Parma,4.0,0.27814264231719554,0.41618809443639887,0.026704989572471093,0.04868820827011005,0.16118471546910626,0.06909134993471819
67,1gQrMs-I8oKg2p-iRxznzQ,Soho Chicken + Whiskey,Cleveland,4.5,0.21917259424258526,0.6140374381750423,0.0064324222357777456,0.08588019099684858,0.015426794915928676,0.05905055943381759
68,1m64tGebPkXNWuv2bXCTeQ,The Morehouse Willoughby,Willoughby,3.5,0.24805711216295612,0.32439153738624044,0.0018077974916628984,0.2424799636133972,0.05802262618529932,0.125240963160444
69,1u4EvujoBP37oEL4SGLpgA,Civilization,Cleveland,4.0,0.5469738292795404,0.03975823246505713,0.015051700421272789,0.2237389246881416,0.0059350299017622175,0.1685422832442259
70,1v9TVINzMod7JfSQI7Aayw,Bombaychaat,Cleveland,4.0,0.35138349787487827,0.3100486048866978,0.010324006300679936,0.12139077230432378,0.06249905684827691,0.14435406178514334
71,1vEBp-YeAvqg1w19GzYg9w,Corky and Lenny's,Woodmere Village,3.5,0.33128212845405175,0.316352268186795,0.011642906844322043,0.13344701530650818,0.033261471950226634,0.1740142092580965
72,1veVZUawy7IhIc5oDpRRQA,Slyman's Restaurant,Cleveland,4.5,0.3719073807336154,0.4108215841905082,0.015229176775585999,0.05556884474060802,0.05425117163637002,0.09222184192331243
73,1wAIVR71cLfupzNsk13Ryg,Brew at Juma,Shaker Heights,4.5,0.3596926663748922,0.08494730009228224,0.008049480939849822,0.03697967033238565,0.0,0.5103308822605901
74,1zKjojtmAHuVOHhtGVxC2Q,Jukebox,Cleveland,4.5,0.6518424282613134,0.025558797314853932,0.0,0.12013437096359693,0.012063142024627332,0.1904012614356083
75,2-9wu090DJutG_MPUgPWQw,Aladdin's Eatery,Lakewood,4.0,0.38372365722728485,0.3634085568464794,0.02717782290389848,0.17338216699079395,0.01020650747620996,0.04210128855533339
76,228mfqUuGbnCs1kiupJXZw,Map of Thailand,Cleveland,4.5,0.39247213984917373,0.4325999845098289,0.00651891830566469,0.03251829747070891,0.00026174702924780025,0.13562891283537598
77,24t7-XcaR6yJi_20CPoB2Q,Sweetie Fry,Cleveland Heights,4.0,0.36633692769481935,0.22741697264944896,0.004513052669115904,0.05702487545321599,0.1629616308515179,0.1817465406818819
78,26Uk74dNTGysPq2ceaj2OA,Pier W,Lakewood,4.0,0.28085017714877236,0.2126237535030089,0.0027682529920025198,0.2785891254712576,0.017889583311468123,0.20727910757349058
79,277ETKOLg1XreTWL8hGlHw,Molto Bene Italian Eatery,Lakewood,4.5,0.25182885998403476,0.458431276685728,0.01334297205495421,0.16527968495200107,0.0,0.11111720632328193
80,28GeAA6PjuHmqgMmp1E2Uw,Trader Jack's Riverside Grille,Eastlake,4.0,0.2896199321705973,0.28008354802850827,0.12162579101977371,0.1998337180616853,0.018342856618516572,0.0904941541009189
81,2A1wvIFdKQZZe-vtTO7olQ,Eddie's Pizzeria Cerino,Seven Hills,4.0,0.1330004432967668,0.2732025620253283,0.3533690885738042,0.16180317895796678,0.008381039531594029,0.07024368761453995
82,2ALi7ZYvil-BAXFa3CMUyA,Shinto Japanese Steakhouse & Sushi Bar,Strongsville,3.5,0.39158140263003816,0.20807550709320854,0.006459512792001477,0.15126563731786918,0.0064600674164685176,0.23615787275041394
83,2AS4HuJJHTBG6R8D9ldrdA,Seoul Garden Korean Restaurant,Cuyahoga Falls,4.0,0.22624637651838914,0.4733980316105333,0.007058598393670103,0.2156032362247578,0.00021966655046541298,0.07747409070218425
84,2CmLLrNHS_IBxzFllXx83g,Memories,Richfield,3.5,0.2846226968273001,0.26925476737099,0.04450103826286163,0.184286168289392,0.05042339170761935,0.16691193754183684
85,2F6dAex41iqsoxjSX4xAZA,Dragon Gate,Parma Heights,4.0,0.2787226061157359,0.4037303991821166,0.015375684005052062,0.14921910478749778,0.0026482862073828215,0.15030391970221485
86,2I7QtHJI-izdThjghMaT1g,Cafe Toscano,Aurora,4.5,0.1229351344502256,0.2761035102980986,0.13121800300944234,0.1255590071140892,0.005624603580302097,0.3385597415478421
87,2JeciNHrJE_tI-o2tUCu5w,Ty Fun Thai Bistro,Cleveland,4.0,0.2280765486634319,0.510202238656607,0.006847254622508492,0.11317490445002368,0.0021071642785925383,0.13959188932883632
88,2JsLzYF8rUalwpm5LDEcog,Chowder House Cafe,Cuyahoga Falls,3.5,0.2525218077961753,0.47031638621925553,0.009803156818931437,0.16204068069605043,0.022820402122148795,0.08249756634743856
89,2L0I4w2_32aVJq-IzhZSig,Restore Cold Pressed,Cleveland,4.5,0.5302518593218851,0.09636574990983138,0.03738397125362034,0.12365353760410434,0.05704913683611186,0.15529574507444704
90,2MnNaZcNG_2whC9NyL4qgA,Mulligans Pub and Grill,Avon,3.5,0.32672498615193885,0.13244090084152949,0.008057416054408352,0.29320700574373504,0.03580140795041916,0.20376828325796914
91,2S1s1gKstsgRtUTVxKO79w,Luna's Deli & Restaurant,Northfield,2.5,0.18446571291235891,0.3667108372485874,0.009257259376445262,0.15130274209376454,0.06378075443666825,0.22448269393217574
92,2VEa7rpo68KG0_5pBj0dFA,Danny Boy's Pizza,Rocky River,4.0,0.17455489622427986,0.16785965800667305,0.3815767827759429,0.11116234267894849,0.013017904460104696,0.15182841585405096
93,2alo9GzeOsbg4jeKYFQmxQ,Santo's Pizza & Pasta,Cleveland,4.0,0.11194949121955934,0.51439834919669,0.14083670205732005,0.09110504081655449,0.018959330300898074,0.12275108640897796
94,2jzM7PSeG8OwZ5EvocCpQA,Chipotle Mexican Grill,Mayfield Heights,2.0,0.3648027904614447,0.11958545586853102,0.01772445813438739,0.2699046072092292,0.002707180700558096,0.22527550762584952
95,2lcK3d4K7FU6O8wXdWzOmA,Cabin Club,Westlake,4.0,0.3332885376113582,0.2942364927250401,0.013784605291659901,0.12337340054575667,0.021055490336643178,0.21426147348954203
96,2nn6Sx5EFpzFbsy5cJYHUg,Merwin's Wharf,Cleveland,3.5,0.21447205646496365,0.13462958894946137,0.007213741793535604,0.3158669180234842,0.06526138255149737,0.2625563122170579
97,2og7CivCoU54PKpvlvxOYw,Noce Gourmet Pizzeria,Chardon,4.0,0.11752039997605175,0.09659109435642366,0.5869088642284942,0.16441797603273303,0.022953835304228336,0.011607830102069101
98,2r9U0--QqAK0JjL8vxB7mA,West Park Station,Cleveland,3.5,0.3864069602871841,0.12083502848951533,0.04364920515992735,0.08067694377039748,0.09237897771025565,0.2760528845827201
99,2rYgDcy0LM1-kj9oCphCQw,Southern Cafe,Lakewood,4.5,0.06266162510339988,0.5729378871029606,0.02710948671395678,0.1519582576650225,0.0478851397309182,0.13744760368374206
100,2tfMXjOotr1r168mVttUmQ,Local West,Cleveland,4.0,0.2321668968682471,0.20276059985485595,0.030566195020396338,0.1823219079611275,0.28980306375421533,0.06238133654115775
101,309bnXTHirKMU6wz1HwRjQ,Harry Buffalo,Lakewood,4.0,0.3352140879053738,0.17971803135068598,0.03703397969925034,0.20106085970312784,0.08678784425129143,0.16018519709027057
102,30fH0eHUXorWSR2-C4PuiA,Big Eu'es BBQ,Cuyahoga Falls,4.5,0.18484980029078785,0.7803519115384698,0.010484089538600066,0.002918965491605272,0.005712716349043334,0.01568251679149367
103,39nJBipHiWpGzRUTtDCzFA,Loco Leprechaun,Westlake,3.0,0.428505476274437,0.10657249251737763,0.04578273709502949,0.16217100307854496,0.06186768588914134,0.19510060514546956
104,3KzzG6dw5aN9eIo3cGHaSA,Steak 'n Shake,Willoughby,2.5,0.2356439434259763,0.0732380249751648,0.008166729479188901,0.3184057739536738,0.05765503966540805,0.3068904885005882
105,3LtH0YjJQGiIRSXI-SsKtQ,Watami Japanese Seafood Buffet & Grill,Parma,3.5,0.6606401992571997,0.23310536101133664,0.002154911512315459,0.09053350697854669,0.004162659281124839,0.009403361959476645
106,3N6cRLLJnrFU31G66WHlfQ,Miles Farmers Market,Solon,4.0,0.4253688911472246,0.35505265187384555,0.04320585275253852,0.07408843555198794,0.020092136231267828,0.08219203244313562
107,3NSeHqI4QrXx8Smw2j662w,Creekside Restaurant & Bar,Brecksville,3.5,0.19628180495893463,0.21123580232282474,0.09183145759009725,0.22245655506382445,0.04372358903330802,0.23447079103101093
108,3OCgpAos1gmS4rbWTIjmsQ,Liquid Planet,Cleveland,4.0,0.3554070793574478,0.2985929741687956,0.036673443972738994,0.133004542793082,0.013100999865311196,0.16322095984262439
109,3Ru4sC1V9PB1ezIqvt9Isg,Hooley House Brooklyn,Brooklyn,3.0,0.23542389583651988,0.14468327541999165,0.011836230239339522,0.2674090628524345,0.07275011979374892,0.2678974158579655
110,3XJlYjQ4Sp4F6T-L-AKm8A,Panini's Bar and Grill,Stow,2.5,0.3441441949365096,0.13451385440225158,0.00798816839571144,0.19364602833210512,0.08334890704256391,0.23635884689085837
111,3a9VwysYDeUBBAS7xiJOJw,Burgers-N-Beer,Willoughby,3.0,0.242130458541877,0.09129398381242172,0.008875110906679874,0.19309850426704506,0.2745744764726521,0.19002746599932427
112,3dMAswAQk0ehFvuE8V8RDA,Istanbul Grill,Cleveland,4.0,0.7974445161180537,0.0,0.0,0.0,0.0,0.2025554838819463
113,3drQZjrvh8EOJe5aSwYE5w,Pita Pit,Fairview Park,3.5,0.23008392521113796,0.5246790420011113,0.023159758234069183,0.07684379167604867,0.024340559460137617,0.12089292341749536
114,3r_y_cjRlobJNApmXDJoRg,Phnom Penh,Cleveland,3.5,0.2252749835052894,0.4783064191857439,0.004890232968757485,0.1318115312793054,0.005720399305510916,0.15399643375539276
115,3ropqVM-UMYXun6WGbi1hA,Peties Family Restaurant,Willowick,4.0,0.0603638228813856,0.33139845958865816,0.008543386846296065,0.45525876387923886,0.015141473412247575,0.12929409339217385
116,3sEOltqZs1cjRA4Pqkm_AQ,Bar 145 - Avon,Avon,3.0,0.2534897028142801,0.08450323924927357,0.007809096075682661,0.21610477587747304,0.23611666925897024,0.20197651672432038
117,3trdX3B7ZwmO2SKpQ9UJrg,Flipside,Cleveland,3.5,0.11687932885452504,0.0473875095706359,0.00839772863616215,0.32227809239132427,0.33397594065554026,0.1710813998918124
118,3z70db5MNhCBPpIaRCB5nQ,Munch,Solon,5.0,0.39590286551383097,0.4979307051683289,0.0,0.0,0.06957864675313914,0.03658778256470092
119,423AAbu0yBoDMOeVwnLzkQ,Camino,Cleveland,3.5,0.3651608376136165,0.36052798496620103,0.013766503512093905,0.0928957030664034,0.012012415192867644,0.15563655564881756
120,47me-6Zme7RYR0zEonfaHg,Texas de Brazil,Westlake,3.5,0.17814210506253453,0.18956366913247544,0.002539692547277705,0.2803009182832376,0.026745184667865685,0.322708430306609
121,4A1ariVt4NG98LzPjjRpkQ,Samurai Sushi and Steakhouse,Strongsville,3.5,0.2256183666233982,0.26831167050927907,0.010330226556669063,0.28324429272734375,0.011426490675287585,0.20106895290802249
122,4GkiahNmE3G3-RFn3xrAYg,Carnegie Kitchen & Dining,Cleveland,3.5,0.326772492160277,0.14621929928905164,0.0029582254132839857,0.13273005671671886,0.11525166007961168,0.27606826634105686
123,4IBXNxLsEcfUIx6LUM2Aqw,Danny Boy's- Chesterland,Chesterland,3.0,0.1498022135814455,0.10619001424050405,0.28342574382701785,0.2751277505412341,0.038526095606235856,0.14692818220356268
124,4IdcT63iE5fNrVzayZtKEw,Valentino's Pizza,Cleveland,4.0,0.1035008809106531,0.10765379700779634,0.5884272706474808,0.1068975317546319,0.009202038434658286,0.08431848124477953
125,4M09MJwxRx8utAgEntFVrQ,Bar Louie,Lyndhurst,2.5,0.2335057070009887,0.1294178980989433,0.006689181827285813,0.2585141259541306,0.12928487296024352,0.24258821415840803
126,4S7vWgarCkYjSaN8vrTV9g,Tomato Grill,Hudson,3.0,0.2063449586366196,0.3131230134768102,0.059488109402341026,0.2881044777562302,0.00538017169109312,0.12755926903690584
127,4V2KN03EJMzaoOmLOy5UhQ,Barley House,Cleveland,3.0,0.5468302381044117,0.037857991859494546,0.04269962613761769,0.24680460618780214,0.011138724321404538,0.11466881338926965
128,4lCTd6-EzOuKl4YbH9gnxw,The Detroiter,Lakewood,4.0,0.3178083711746092,0.24461371706386198,0.00452644139667258,0.13960564559747518,0.055211165700954024,0.238234659066427
129,4noRilkKlHiWf_OrqNL3HQ,Rio Coffee Brewery,Avon Lake,4.0,0.3871524295498538,0.3754750519627217,0.037083868144182214,0.09922097992576787,0.03561798917987879,0.06544968123759569
130,4qCYRklxSuTdN2z6dC2KeQ,5th Avenue Deli & Grill,Cleveland,4.0,0.24382128399113034,0.5333479853138798,0.01983445469243702,0.07965308353409443,0.0348381873547319,0.08850500511372651
131,4sYUOH1R2r4mCCJSjJ66ow,Academy Tavern,Cleveland,4.0,0.2527564193079107,0.21530874492392393,0.027210999896537684,0.2202687385269355,0.1093377188433215,0.17511737850137069
132,4t6z1AT8qBfwaBm13d1GMA,PJ McIntyres Irish Pub,Cleveland,4.0,0.23532005003195616,0.26184772043760507,0.04572637120552053,0.14080264320651614,0.19259412391653746,0.1237090912018646
133,4v_RbefzvGkixXXJkn-bzw,Szechwan Garden,Lakewood,4.0,0.17448117102709476,0.6966662461722787,0.0019947036841386286,0.052326632887575816,0.004789336657487669,0.0697419095714244
134,4w3CXzYFboPjsjDHIXyVLg,Chipotle Mexican Grill,Macedonia,2.0,0.3139523174501499,0.10795286515339787,0.013714400641228414,0.16549113352839998,0.006857009017935256,0.3920322742088887
135,4xnVH2jTVwrsO88q_jHWWw,pizzaBOGO,Cleveland,4.0,0.06898204472605794,0.09751044424724875,0.7440056132922623,0.041342703674290014,0.01725109534729397,0.030908098712847037
136,507GRbrr770MTG0lOhlfYA,Ginger Sushi Burrito and Hibachi,Mentor,4.0,0.6686542492919049,0.2665910791707257,0.00997498913991449,0.011739739418954181,0.0,0.04303994297850065
137,54bBMIoZS2ZBFhvlZalPFQ,Cafe Piccolo,Avon,3.5,0.1775946587870144,0.11918543208397628,0.2341438072578766,0.27728772802722207,0.005660571315660492,0.18612780252825023
138,54kfE6vauORUVUifLagkXQ,Hyde Park Prime Steakhouse,Cleveland,4.0,0.30017107263837367,0.20114061901804028,0.0,0.09278875733826397,0.17538433202211792,0.23051521898320415
139,54ne9NBqgiWQAx0-RrOaFQ,Sterle's Country House,Cleveland,3.5,0.3210998214376466,0.3659297409061518,0.0077875934135188,0.12160882440854322,0.012115727825273068,0.17145829200886648
140,5CqM8dr3d3LI_B-1_-5U7A,Cibreo Italian Kitchen,Cleveland,3.5,0.19938076247476866,0.27188098660944426,0.013596131350043431,0.28969028995821566,0.008548665264353933,0.21690316434317397
141,5G-i1t7VXLGByswnCKvrDQ,El Palenque,Eastlake,4.0,0.26999532083235916,0.21270773445111457,0.0028809463060276556,0.10081285512079532,0.00814094363895809,0.4054621996507452
142,5Gj8twqkHxMunpNJLn5Hjw,Arashi Japan Steak House,Westlake,3.0,0.4023530831400546,0.3626998960038298,0.005245143081266718,0.11973219476305369,0.0012839046090085467,0.10868577840278672
143,5KcrEqWVHrkBH9W8H6cC9w,Dutch Country Restaurant,Middlefield,4.0,0.47283851285412093,0.23275142929396084,0.0034173618438086647,0.20497868419922857,0.0,0.086014011808881
144,5MWWP4Kpmw0e8d2ib9G7Kg,Dave's Cosmic Subs,Westlake,3.0,0.3925450956279469,0.3452662020789038,0.06605360885639674,0.08587414523610891,0.03545897695879061,0.07480197124185298
145,5QVozBk6HVJZHA3W-s7aDg,Corkscrew Saloon,Medina,4.0,0.2116715240609318,0.40251467491414283,0.01696557373838972,0.18656751091164794,0.01398278979904186,0.16829792657584577
146,5TdDdgRO028CIuCN-13-9Q,AlPita Mediterranean Cuisine,Rocky River,4.5,0.3066659409202135,0.4661273190292818,0.01847127377961224,0.057765614484290635,0.029309422969824354,0.12166042881677748
147,5XLuRoXqafFY_GAQ0D8dWw,Olive Garden Italian Restaurant,Beachwood,2.0,0.16001728407237925,0.16938211244180013,0.03084973206682351,0.3940979622398326,0.002921155823294182,0.24273175335587036
148,5YyLWps6xL372Lj2hRlPQw,Quaker Steak & Lube,Sheffield Village,3.0,0.20780181424848798,0.3183915180633974,0.024368330505994743,0.22698855668964213,0.055498881658010916,0.1669508988344669
149,5mJlO3oCw_4vvbq1qM6OEg,La Bodega,Cleveland,4.0,0.12452943992246344,0.6960864974013584,0.07815264191401175,0.004836843238129161,0.054370529058248886,0.042024048465788354
150,5m_xSthxwPoR-XvJvtTeNQ,PIZZAFIRE,Cuyahoga Falls,4.0,0.15623431304814064,0.0720503763626854,0.5880529648146886,0.09260549319076679,0.001569879864539267,0.08948697271917916
151,5qAnki509wBtMeabE3jUHA,Mughal Grill,Chester Township,4.5,0.3807333376658417,0.4305926294368923,0.0,0.08467543619129106,0.0020391844255563505,0.10195941228041853
152,5rb2tq_AhxQuRYu_bh464g,Vieng's Asian Bistro,Westlake,3.0,0.36712017858343443,0.3001482789614037,0.006155060552699626,0.12901282024048238,0.012766811425268724,0.1847968502367111
153,5tlgP7QIvur0lZdPHVhc5w,Chick-fil-A,Warrensville Heights,3.5,0.24448902057812827,0.11848049411016197,0.027310790455468834,0.23130900810114438,0.030072720251276833,0.3483379665038197
154,5ynzVV_kayd5hfv5Kt6Vbg,Burgers 2 Beer,Cleveland,3.0,0.21383898760032685,0.05204740140211426,0.021124813176421117,0.14817083756151933,0.3581816211890799,0.20663633907053852
155,5z0qD9Qftputpv37VjFJPQ,Pari Authentic Indian Cuisine,Chesterland,4.0,0.3911902389664295,0.4430731085429243,0.004087317446044269,0.05270950106706233,0.025892925666506566,0.08304690831103294
156,61BtQLwM5QPI9taQ20owVA,Black Box Fix,Cleveland Heights,4.5,0.22347555910643488,0.5229119641322819,0.057353561953418154,0.03154241794818208,0.1548549789627711,0.00986151789691186
157,63ieHAevJ5szVnClT8FzGQ,Phoenix Coffee Bar,Cleveland,4.5,0.5475876299655668,0.09539164810577842,0.010978298797117987,0.3007866735044625,0.013339687554344155,0.031916062072730185
158,68kpmZBEb6x7wG1HBeLQ3g,J. Gumbo's,Cleveland,4.0,0.0696294669296305,0.6495282009269928,0.032693459662550224,0.19972301466424128,0.028718501701546644,0.019707356115038595
159,6BWIG_RIqNOJHkrXHx_cCg,Lyndhurst Diner,Lyndhurst,4.0,0.26174406352932905,0.1486145214517146,0.026360467309459873,0.4746891616972622,0.022472641439977358,0.066119144572257
160,6ExIH5FoPyMRhtz4p-2K1g,Sushi Rock,Cleveland,3.5,0.5382280574468153,0.16480416842718576,0.003063210593496587,0.15725429780881106,0.002268913445344156,0.13438135227834705
161,6IopPDGcxUp4BD3HL7zJPw,Wolfey's Bistro & Pub,Elyria,4.0,0.37613450589965564,0.06384856577283461,0.16625951840064043,0.064857302416347,0.14560206097133374,0.1832980465391886
162,6L43ztbQh7OyA1qtPlLgqw,Americano,Bratenahl,4.0,0.2019282056811984,0.31649030275072476,0.0,0.37538233844138535,0.0,0.1061991531266915
163,6LtbAtQKXWFj7QcqBnr6SA,Wasabi Japanese Steakhouse,Beachwood,3.5,0.3117801398507822,0.2587491033675034,0.0033867894096175763,0.2397989669165468,0.0043480833641490755,0.18193691709140097
164,6MlO4sGzERjA8kq5rySspQ,Chicago's Home of Chicken & Waffles,Cleveland,3.5,0.24022973602799946,0.25670293207673045,0.00922975095770154,0.2697029622627919,0.012357202920746243,0.2117774157540305
165,6OkjUz-I552moryf3qN1Gg,Red Lobster,North Olmsted,3.5,0.16348615786676207,0.42254595402356515,0.004832270215814944,0.23076265080455252,0.01329455454607866,0.1650784125432267
166,6PPoODoXUyMULipVWnpJWw,Chen's Garden,Cuyahoga Falls,3.5,0.16534298299981154,0.6922513544550367,0.0237550335160521,0.042505762892748156,0.0037971827340587436,0.07234768340229267
167,6RxtO_MxnLwZ7D7iYDE8Jg,Ricks Cafe,Chagrin Falls,3.0,0.14748895089095584,0.19397173987643168,0.020559054376817175,0.20670425184925187,0.19663360893005566,0.2346423940764879
168,6S0mvMocUHY6g1rIQWKM_w,Five Guys,Mayfield Heights,3.5,0.15307570032115925,0.06442682100064161,0.04678529600433159,0.25150589881858665,0.45432738221596747,0.02987890163931343
169,6UXzAVLeWPUIlBtHrbS0-g,Luca's New York Style Pizza,Stow,4.0,0.09396215941271052,0.0744352901295042,0.6991035548090196,0.02062199062434059,0.03949278426989566,0.07238422075452929
170,6eWtqUKQ73s3xwbT-aYzig,Max & Erma's,Middleburg Heights,3.0,0.19485007641178195,0.14285714512989614,0.026744916308718728,0.31449490030640875,0.14478676590453723,0.1762661959386573
171,6g8S6V0iyYu6QMvt0QfIqA,Heck's Cafe,Cleveland,3.5,0.15759557014211367,0.21078655426354273,0.012153419607253725,0.14254436676645674,0.360200440721083,0.11671964849955013
172,6gPcuK1mTlJDb3SG7d0q7A,6 Flavors,Parma,4.5,0.1412925137667409,0.28075569441098236,0.004015856441927953,0.2850766833194389,0.0,0.28885925206090984
173,6kD0vTLj3oZJm7kXRSvfKw,Sorrento Ristorante & Pizzeria,Sheffield Village,3.5,0.15404809576626793,0.45685993256178,0.13208952841223762,0.14612705794814,0.0015097425982175268,0.10936564271335704
174,6lSi4Ho2PpqKtznpQawc-w,56 West,Lakewood,3.5,0.31077333184765515,0.14495255496020526,0.01965647192691805,0.17501978838417506,0.2257033916050986,0.1238944612759478
175,6lgkTtACpJR5Kijkc050KQ,Dragon Garden Restaurant,Northfield,3.5,0.2835646179160942,0.5539353251475962,0.009789757510697453,0.08613505822126571,0.0006885430230618095,0.06588669818128458
176,6pgvIE7A8mCLQf65kVRmdA,Rockne's,Strongsville,2.5,0.30982304948310646,0.23584059164479404,0.004726313875794586,0.13004712132595445,0.11018283402136972,0.20938008964898072
177,6qL7HYCVN1E0vLfa-S_VlQ,Winking Lizard Tavern,Independence,3.5,0.49653128719581147,0.14876108717460187,0.009651832294546222,0.13128686936504508,0.07158619177435789,0.14218273219563748
178,6sCdVRtmhJgNqKh9Vx6JXw,Tavern At Twin Lakes,Kent,3.0,0.3155935255711055,0.23630613584183086,0.0035072698804209865,0.2940024144816783,0.005974643702602759,0.14461601052236153
179,6tK-R3BQ-GiMxsCGtxpJyw,Houlihan's,Westlake,3.5,0.15802162751537163,0.3104330038511764,0.05496453515405941,0.20455108122374685,0.05580880081200588,0.21622095144363976
180,6tY0tn39Mb8FCLYBAXXOUw,China Renaissance,North Olmsted,3.5,0.1993611168498493,0.5559257186973953,0.006089389529277256,0.08804576785483928,0.010161438140026378,0.1404165689286127
181,6wwz7b5xehEilPx98ZnZtA,Outback Steakhouse,Parma,2.5,0.07487850828494007,0.3181694793192184,0.011718622941072582,0.26576924494646437,0.1482790060740197,0.18118513843428494
182,713qzYFUK00yxwRyxsPt7Q,Bar 145,Kent,2.5,0.22039754569644227,0.06567932141091125,0.004495543825294748,0.2526583012269219,0.264717032310727,0.19205225552970265
183,71K20-AiZodl9-i3W9w56A,Yours Truly Restaurants,Chagrin Falls,3.5,0.20051586426725845,0.2117049882570608,0.025589993456579536,0.2873738174437403,0.1523990488262836,0.12241628774907734
184,74PuNP7egqbaloqDecGsrA,Jalapeno Loco,Mentor,4.0,0.3422400378438845,0.28464255089388196,0.008438532702786638,0.2232410221938734,0.02507162175548264,0.1163662346100909
185,74Q5s1J1xknMX7TAkIPf8w,Chili's,Macedonia,3.0,0.20093023531377321,0.25279209493377086,0.0163048186712811,0.2351657946849757,0.05451895242914291,0.2402881039670562
186,7AcewhFBJmOV44rDkq_pVQ,Magpie Pizza,Sheffield,4.5,0.3395114024995307,0.0324180239677992,0.2850994162814103,0.31061881837333144,0.0,0.03235233887792846
187,7D-ATDP9Ezr1ZehszsotOQ,Nuevo Acapulco,North Olmsted,3.5,0.25619079351555674,0.455776895045171,0.010423642050900829,0.15980594716023103,0.006662721331887134,0.11114000089625327
188,7ED5DPk40iqlMpK1E7XoOg,Ferris Steak House & Tavern,Rocky River,3.0,0.2196892919380842,0.2838937845630625,0.02348526649816291,0.2262364456679193,0.044351150983055046,0.20234406034971586
189,7FFlMoNoIW5W3KgCYqknmQ,Cleveland Airport Marriott,Cleveland,3.5,0.6366375174676142,0.018469670886229604,0.032623132715691595,0.13533573807206287,0.0015315326069535204,0.1754024082514482
190,7H8Q6aTMDZIYEmhxsZMYfQ,Salad KraZe,Avon Lake,4.0,0.2959136517712254,0.5882011300422223,0.02578669794836613,0.046787787160269066,0.0,0.04331073307791716
191,7JOo6MO-bJMhfXobJG7SRQ,Timber Lodge,Medina,4.0,0.33681896533572137,0.08201188906951015,0.0021141576476589458,0.3019900314218986,0.056652110331520726,0.22041284619369034
192,7JnFDiJu9cmOr3X_az0VnA,Burntwood Tavern,Rocky River,3.0,0.26319511404596463,0.2471781146952802,0.011780648231274279,0.1667579784017803,0.09627986655867055,0.21480827806703007
193,7K8XwCNaNhYYpg59DQqguw,1815 Tavern,Aurora,4.0,0.18192977446639458,0.1617491878247701,0.12332618998152954,0.2863704765248364,0.012506041276009284,0.23411832992646014
194,7LzhLKAwS7PHUvaPIW833A,Dominic's Santos,Cleveland,3.5,0.09219044326701686,0.3647088690090834,0.11061996914827436,0.13373127829162962,0.008496350997975367,0.29025308928602034
195,7M_wmSKg-qljRdwafdPKpg,Umami Moto,Cleveland,4.0,0.13857841059093104,0.6897174205609246,0.10698236160969288,0.04279098709760385,0.0192440989104455,0.0026867212304021604
196,7SsVK3dvgDrEaZpfxd33nQ,The Coffee Pot,Lakewood,3.5,0.28662928784502567,0.11097097457663245,0.011788280890398267,0.34184591421683336,0.024451693805046002,0.22431384866606432
197,7Vi4T2E5ePOkNifyr2t6cw,Parker's Grille & Tavern,Avon Lake,4.0,0.10146498557969805,0.44921669911872386,0.011378550287610712,0.30028466875035265,0.026383229546575276,0.11127186671703954
198,7W_PUqiBmoe2PVFGQ1ZBOg,Bruno's Ristorante,Cleveland,4.0,0.14519101871267479,0.3882507552390472,0.13581649734377804,0.21190675816010895,0.005270215532959253,0.11356475501143173
199,7bQU0QI_YID3MgZirZHmSg,Jekyll's Kitchen,Chagrin Falls,3.5,0.2475333416808072,0.1419656906621894,0.05040297211946638,0.3029015145112165,0.020546854232059396,0.23664962679426105
200,7d3tmP0XIFdjdqQ6hBRA4Q,IL Bacio,Cleveland,4.0,0.3862719245330845,0.2763414626991815,0.015462086261792438,0.21090787726504504,0.0003706094457137693,0.11064603979518275
201,7hIl2AOZl6Zfr2fAojpeRw,D'Italia,Westlake,4.5,0.5324969643501799,0.36410884738868643,0.023664457748721068,0.0,0.0,0.07972973051241262
202,7j0kor_fkeYhyEpXh4OpnQ,Scramblers,Strongsville,3.0,0.2555762382349475,0.16760794436690268,0.011096633011538116,0.259683616287357,0.03658566410157149,0.2694499039976832
203,7k5F32LULnjplZVQdI4DdQ,Burgers 2 Beer,Lakewood,3.5,0.1809570112531679,0.09174378993589348,0.010257555022046309,0.251369876632409,0.3264508723475016,0.13922089480898184
204,7o3pSUrqqmGSxDlthpL63Q,Arturo's Bar & Grille,North Olmsted,3.5,0.2454332439921239,0.06254215866656324,0.2997507545248048,0.2632705311602581,0.00656138621402142,0.12244192544222851
205,7o4SWZDKYHYfv6X0U21ErQ,Bravo  Cucina Italiana,Mentor,3.5,0.15808321572239234,0.25359126646850255,0.03170140156005629,0.32693058850239076,0.006315734230672052,0.22337779351598608
206,7ot8LYmnLhiN726E9dtAgA,Aladdin's Eatery,Independence,4.0,0.21673465493421387,0.29230513580628836,0.017480302644826588,0.1318969330576208,0.011215116792037195,0.33036785676501323
207,7sqyF1oNXKWGMU0A_tVaIg,Gentile's Bakery - Catering & Deli,Parma,4.5,0.46280347137819944,0.028673364134350062,0.03502059351997153,0.23655351208541606,0.0,0.23694905888206297
208,7sz9Rw1dbIEfLy-L9qB3Tw,Chopstick Chinese Restaurant,Cleveland,3.5,0.3457275131134627,0.5607558161325767,0.020048222220182432,0.011003818632297137,0.029544182513487467,0.03292044738799339
209,7t9olAqd1qCUEAh6VLoVEw,Rockne's,Streetsboro,3.0,0.1778160149089916,0.24684046403229162,0.00918565554488333,0.23379455885475012,0.12022391364870981,0.21213939301037346
210,7tiobQOY3WLYYJl4uMEfrQ,Brickstone,Cleveland,2.5,0.17286039980309392,0.1668394950212914,0.1233645378923458,0.16055743312580487,0.11473817769104337,0.2616399564664207
211,7toYPf5ZAjCkEuwaMPtDwQ,Wah Fu Chinese Restaurant,Cleveland,3.5,0.16925910716056686,0.6457098308623055,0.006231609788692006,0.04017641076993112,0.0,0.13862304141850457
212,7tzhoEyaTLxdwkCWMTUbZg,Dynomite Burgers,Cleveland,3.0,0.07048562138633703,0.08267523034369831,0.008414551236110382,0.11166560809194845,0.6945558639032466,0.032203125038659235
213,7wUQAStoHgM5hB87P5wofg,Bubba's Q,Avon,3.0,0.21283671684142827,0.3724359098999228,0.018883489615802874,0.1976956785287555,0.031625668627731564,0.16652253648635915
214,7xfeQhen2wLnvFuQNvmTAg,Tandul,Cleveland,4.0,0.17172475459116243,0.19754530788502903,0.00862361131602852,0.33616970374723026,0.00047651302645349025,0.28546010943409617
215,7xmuQuhpzBlkkSbWePFeVQ,Orale! Kitchen,Cleveland,3.5,0.31777644211732387,0.49243398239949115,0.0044358762229390275,0.044217018252599494,0.0014816122672579478,0.13965506874038855
216,8-EVsgJWjva29XMuVW2gPA,Nou.veau,Concord,4.0,0.31163485363560167,0.16918867262501217,0.0018774122285870167,0.3055123162862226,0.009072079153908471,0.20271466607066813
217,829Kv1uZJj5q8sr2G0mnvA,Samosky's Homestyle Pizzeria,Valley City,4.0,0.12164734570406431,0.16752192154626547,0.3868342607629258,0.21326946593684815,0.016186930829618074,0.09454007522027819
218,82aapoEF7sBcxrrP9AWiEw,The Burnham Restaurant,Cleveland,3.5,0.19269346310663507,0.14239325983726106,0.005466011290983528,0.2507541407890312,0.022318086991089964,0.3863750379849992
219,8FBFFu--uMxj2pxMESeOeQ,Dynomite Burgers & Sushi,Cleveland,4.0,0.2865251242740703,0.18641965147594328,0.015532793099245861,0.15396717715876235,0.24207804778664457,0.1154772062053337
220,8FZftD3Y5jQ2R44EDBqhlA,Cafe Bon Appetit,Cleveland,4.5,0.2939850922570082,0.44026884583968096,0.005043604651597509,0.04151102123585292,0.0007036717780715019,0.21848776423778885
221,8Fzdrfi-bsmgTlxr8pJQGg,Winking Lizard,Brunswick,3.0,0.24900516853523472,0.18380863884098134,0.033446498213996166,0.2505726190480213,0.10223889629763627,0.18092817906413022
222,8GVGzFgTKNfPixL143Zadw,Texas Roadhouse,Stow,3.5,0.2487943277562481,0.27996891292604303,0.011423934277901053,0.2907902051774973,0.057150384388298815,0.11187223547401169
223,8Jha7n3EY3_eRIMUOoJ4Zg,Zoup!,Middleburg Heights,4.5,0.8714796196761833,0.0765325409830819,0.0519878393407349,0.0,0.0,0.0
224,8KmqWgL0UEdxJFwTZ_YZvQ,Swensons Drive-In Restaurants,Montrose,4.5,0.2501860822313388,0.24546805720700435,0.009911435942857821,0.035959364106472,0.3531360186736443,0.1053390418386828
